-10.000000 80.151108
-9.900000 78.556099
-9.799999 76.977119
-9.699999 75.414162
-9.599998 73.867241
-9.499998 72.336349
-9.399998 70.821487
-9.299997 69.322655
-9.199997 67.839859
-9.099997 66.373085
-8.999996 64.922340
-8.899996 63.487637
-8.799995 62.068958
-8.699995 60.666306
-8.599995 59.279686
-8.499994 57.909100
-8.399994 56.554543
-8.299994 55.216011
-8.199993 53.893517
-8.099993 52.587051
-7.999993 51.296619
-7.899993 50.022217
-7.799993 48.763847
-7.699993 47.521507
-7.599993 46.295197
-7.499993 45.084919
-7.399993 43.890671
-7.299994 42.712452
-7.199994 41.550262
-7.099994 40.404102
-6.999994 39.273975
-6.899994 38.159878
-6.799994 37.061810
-6.699994 35.979771
-6.599994 34.913761
-6.499994 33.863785
-6.399994 32.829838
-6.299994 31.811922
-6.199995 30.810034
-6.099995 29.824177
-5.999995 28.854349
-5.899995 27.900553
-5.799995 26.962786
-5.699995 26.041050
-5.599995 25.135344
-5.499995 24.245668
-5.399995 23.372025
-5.299995 22.514410
-5.199996 21.672823
-5.099996 20.847269
-4.999996 20.037743
-4.899996 19.244249
-4.799996 18.466784
-4.699996 17.705349
-4.599996 16.959948
-4.499996 16.230572
-4.399996 15.517229
-4.299996 14.819915
-4.199996 14.138632
-4.099997 13.473379
-3.999997 12.824157
-3.899997 12.190964
-3.799997 11.573801
-3.699997 10.972669
-3.599997 10.387568
-3.499997 9.818495
-3.399997 9.265453
-3.299997 8.728442
-3.199997 8.207460
-3.099998 7.702510
-2.999998 7.213589
-2.899998 6.740698
-2.799998 6.283837
-2.699998 5.843007
-2.599998 5.418207
-2.499998 5.009437
-2.399998 4.616697
-2.299998 4.239987
-2.199998 3.879308
-2.099998 3.534659
-1.999998 3.206040
-1.899998 2.893450
-1.799998 2.596891
-1.699998 2.316363
-1.599998 2.051864
-1.499998 1.803396
-1.399998 1.570958
-1.299998 1.354550
-1.199998 1.154173
-1.099998 0.969825
-0.999998 0.801508
-0.899998 0.649221
-0.799998 0.512965
-0.699998 0.392738
-0.599998 0.288542
-0.499998 0.200376
-0.399998 0.128241
-0.299998 0.072135
-0.199998 0.032060
-0.099998 0.008015
0.000002 0.000000
0.100002 0.008015
0.200002 0.032061
0.300002 0.072137
0.400002 0.128243
0.500002 0.200379
0.600002 0.288546
0.700002 0.392743
0.800002 0.512970
0.900002 0.649227
1.000002 0.801514
1.100002 0.969832
1.200002 1.154180
1.300002 1.354558
1.400002 1.570966
1.500002 1.803405
1.600002 2.051874
1.700002 2.316373
1.800002 2.596902
1.900002 2.893461
2.000002 3.206051
2.100002 3.534671
2.200002 3.879321
2.300002 4.240001
2.400002 4.616711
2.500002 5.009451
2.600002 5.418222
2.700001 5.843022
2.800001 6.283853
2.900001 6.740715
3.000001 7.213606
3.100001 7.702528
3.200001 8.207479
3.300001 8.728460
3.400001 9.265472
3.500001 9.818515
3.600001 10.387588
3.700001 10.972690
3.800000 11.573823
3.900000 12.190986
4.000000 12.824182
4.100000 13.473404
4.200000 14.138658
4.300000 14.819942
4.400000 15.517256
4.500000 16.230600
4.600000 16.959974
4.700000 17.705379
4.800000 18.466814
4.900000 19.244280
5.000000 20.037773
5.099999 20.847300
5.199999 21.672855
5.299999 22.514441
5.399999 23.372057
5.499999 24.245703
5.599999 25.135380
5.699999 26.041086
5.799999 26.962824
5.899999 27.900587
5.999999 28.854385
6.099998 29.824213
6.199998 30.810070
6.299998 31.811958
6.399998 32.829876
6.499998 33.863827
6.599998 34.913803
6.699998 35.979813
6.799998 37.061852
6.899998 38.159916
6.999998 39.274017
7.099998 40.404144
7.199997 41.550304
7.299997 42.712494
7.399997 43.890717
7.499997 45.084965
7.599997 46.295246
7.699997 47.521557
7.799997 48.763897
7.899997 50.022266
7.999997 51.296665
8.099997 52.587097
8.199997 53.893566
8.299997 55.216064
8.399998 56.554592
8.499998 57.909153
8.599998 59.279743
8.699999 60.666363
8.799999 62.069008
8.900000 63.487690
9.000000 64.922401
9.100000 66.373138
9.200001 67.839912
9.300001 69.322716
9.400002 70.821541
9.500002 72.336403
9.600002 73.867302
9.700003 75.414223
9.800003 76.977173
9.900003 78.556160
